8013826, 8013827, 8017922, 8003608, 8622108,
8000518, 8017961, 8540207, 8003633, 8015926,
8710207, 8710208, 8003661, 8005710, 8017933,
8005713, 8013907, 8015961, 8018010, 8018012,
8013919, 8013920, 8013921, 8005732, 8013926,
8013929, 8018037, 8003708, 8005761, 8007361,
8013961, 8011915, 8018061, 8540307, 8003733,
8016029, 8011941, 8001707, 8009906, 8005811,
8005812, 8009909, 8001722, 8009915, 8016061,
8001728, 8009922, 8009926, 8001736, 8009929,
8005837, 8009937, 8018137, 8001761, 8016251,
8005861, 8018151, 8003822, 8018161, 8540407,
8540408, 8003833, 8003837, 8003861, 8020015,
8010015, 8018215, 8018233, 8003908, 8008006,
8010815, 8003922, 8012115, 8018261, 8540507,
8003933, 8000229, 8012138, 8014226, 8016239,
8001909, 8003961, 8006010, 8012155, 8014207,
8012161, 8016261, 8018315, 8014220, 8014222,
8018320, 8660108, 8014227, 8014228, 8006037,
8006045, 8006051, 8008107, 8006062, 8014261,
8008118, 8012215, 8018361, 8008124, 8540608,
8002006, 8002007, 8012250, 8012251, 8006110,
8008161, 8010210, 8530407, 8018408, 8006137,
8010234, 8018427, 8010237, 8010240, 8018433,
8260107, 8002061, 8008208, 8016401, 8010261,
8004122, 8018461, 8008222, 8540707, 8004133,
8004137, 8600108, 8016443, 8016444, 8002109,
8004161, 8006210, 8016452, 8008261, 8006215,
8010315, 8530508, 8010551, 8018520, 8018522,
8006237, 8002661, 8018529, 8018537, 8006251,
8010351, 8004208, 8002161, 8006261, 8008311,
8008312, 8008313, 8008314, 8016510, 8016512,
8018561, 8016514, 8008332, 8004237, 8016537,
8510107, 8002209, 8004261, 8006310, 8008361,
8010415, 8016561, 8006331, 8006338, 8018627,
8018629, 8000206, 8004308, 8012503, 8000216,
8006361, 8008410, 8010461, 8016609, 8004322,
8018661, 8010215, 8004333, 8000243, 8008437,
8008438, 8250107, 8250108, 8000254, 8002309,
8004361, 8000267, 8008461, 8008462, 8012560,
8010515, 8014628, 8014629, 8018727, 8018729,
8018735, 8018743, 8010561, 8012610, 8008515,
8014661, 8018761, 8016715, 8012637, 8012638,
8012640, 8008551, 8002409, 8012651, 8008561,
8006514, 8002421, 8012662, 8010615, 8016761,
8002427, 8009061, 8014728, 8014729, 8010642,
8004507, 8260508, 8002461, 8006561, 8004515,
8010661, 8010663, 8014761, 8004522, 8012715,
8008629, 8012737, 8012738, 8012740, 8002509,
8012751, 8004561, 8008661, 8012761, 8010715,
8018426, 8014825, 8010740, 8005314, 8010751,
8004608, 8002561, 8004614, 8010761, 8014858,
8580107, 8580108, 8014861, 8012815, 8000531,
8007513, 8004633, 8008743, 8008744, 8008748,
8002607, 8000561, 8012851, 8004661, 8009908,
8322108, 8012861, 8015029, 8014912, 8002627,
8014922, 8014924, 8014933, 8010840, 8014937,
8008801, 8010851, 8008805, 8006161, 8010861,
8008817, 8012938, 8012940, 8008846, 8008849,
8012951, 8006811, 8006812, 8018458, 8002718,
8006815, 8322208, 8012961, 8006837, 8006841,
8012661, 8002761, 8006861, 8000718, 8000722,
8015059, 8015061, 8017110, 8017111, 8017113,
8017114, 8008233, 8002808, 8000761, 8017151,
8006912, 8015107, 8002822, 8011015, 8002826,
8002829, 8015119, 8015120, 8015121, 8011030,
8015127, 8015128, 8006937, 8002842, 8011036,
8011037, 8011042, 8000807, 8011051, 8002861,
8006961, 8011061, 8000822, 8006537, 8015161,
8009018, 8009024, 8017220, 8009029, 8017227,
8017229, 8009043, 8002901, 8000861, 8007010,
8002917, 8017261, 8007027, 8240507, 8240508,
8000907, 8000908, 8007061, 8017307, 8017308,
8000929, 8017315, 8000936, 8004508, 8017322,
8013229, 8006011, 8003007, 8003008, 8000961,
8011203, 8001715, 8013261, 8003022, 8011215,
8003024, 8017361, 8003033, 8015329, 8001007,
8003061, 8009207, 8009208, 8011261, 8015359,
8017408, 8015361, 8001027, 8009220, 8009222,
8001034, 8017419, 8017422, 8013329, 8006915,
8001061, 8018358, 8009261, 8013359, 8013361,
8011315, 8017461, 8300108, 8006927, 8011361,
8017515, 8009326, 8009327, 8009328, 8009329,
8015126, 8017542, 8003208, 8009361, 8003222,
8015129, 8017561, 8007326, 8007329, 8007335,
8001207, 8015547, 8003261, 8009408, 8005313,
8009410, 8009907, 8009415, 8009422, 8013524,
8010361, 8009433, 8009437, 8013537, 8009443,
8003308, 8005361, 8013561, 8015615, 8003333,
8010251, 8003361, 8015651, 8005414, 8013607,
8005417, 8009515, 8017708, 8015661, 8017715,
8530107, 8013622, 8013626, 8017727, 8017728,
8017729, 8007512, 8009561, 8007514, 8013661,
8017758, 8017761, 8007313, 8007534, 8005514,
8017808, 8017815, 8013726, 8013727, 8017826,
8004251, 8009643, 8009646, 8009649, 8007610,
8007611, 8013761, 8017861, 8015814, 8540107,
8540108, 8007631, 8007637, 8015837, 8007651,
8007661, 8017235, 8015861, 8017915, 8013822
